{
 "cells": [
  {
   "cell_type": "markdown",
   "metadata": {},
   "source": [
    "#Conducting exploratory data analysis of the 2013 Primary School Leaving Examination (PSLE) Data."
   ]
  },
  {
   "cell_type": "code",
   "execution_count": 1,
   "metadata": {
    "collapsed": true
   },
   "outputs": [],
   "source": [
    "import pandas as pd\n",
    "import matplotlib.pyplot as plt\n",
    "import scipy.stats\n",
    "import numpy as np\n",
    "from statsmodels.formula.api import ols\n",
    "import seaborn as sns"
   ]
  },
  {
   "cell_type": "markdown",
   "metadata": {},
   "source": [
    "Let's see what the CSV first looks like by calling the .head() method. \n",
    "\n",
    "We notice the features in the dataset: the candidate number, their sex (Female is 1), subject scores in integers 1-5 (E-A) with some NaNs for X values. NECTA, the examination body in Tanzania, generates Average Grade also as an integer. However, for more variation in scores, I added a calculated average feature. Note that the average grade is often the rounding of the calculated grade.\n",
    "Finally, the candidate number codes the region that the student is from, as well as the district and school. Using regular expressions, I assigned Region and District values to each student when cleaning the data."
   ]
  },
  {
   "cell_type": "code",
   "execution_count": 3,
   "metadata": {},
   "outputs": [
    {
     "data": {
      "text/html": [
       "<div>\n",
       "<style>\n",
       "    .dataframe thead tr:only-child th {\n",
       "        text-align: right;\n",
       "    }\n",
       "\n",
       "    .dataframe thead th {\n",
       "        text-align: left;\n",
       "    }\n",
       "\n",
       "    .dataframe tbody tr th {\n",
       "        vertical-align: top;\n",
       "    }\n",
       "</style>\n",
       "<table border=\"1\" class=\"dataframe\">\n",
       "  <thead>\n",
       "    <tr style=\"text-align: right;\">\n",
       "      <th></th>\n",
       "      <th>CAND_NO</th>\n",
       "      <th>SEX</th>\n",
       "      <th>Kiswahili</th>\n",
       "      <th>English</th>\n",
       "      <th>Maarifa</th>\n",
       "      <th>Hisabati</th>\n",
       "      <th>Science</th>\n",
       "      <th>Average_Grade</th>\n",
       "      <th>CalcAverage</th>\n",
       "      <th>District</th>\n",
       "      <th>Region</th>\n",
       "    </tr>\n",
       "  </thead>\n",
       "  <tbody>\n",
       "    <tr>\n",
       "      <th>0</th>\n",
       "      <td>PS0107001-001</td>\n",
       "      <td>0</td>\n",
       "      <td>4.0</td>\n",
       "      <td>1.0</td>\n",
       "      <td>2.0</td>\n",
       "      <td>1.0</td>\n",
       "      <td>3.0</td>\n",
       "      <td>2.0</td>\n",
       "      <td>2.2</td>\n",
       "      <td>NGORONGORO</td>\n",
       "      <td>ARUSHA</td>\n",
       "    </tr>\n",
       "    <tr>\n",
       "      <th>1</th>\n",
       "      <td>PS0107001-002</td>\n",
       "      <td>0</td>\n",
       "      <td>4.0</td>\n",
       "      <td>2.0</td>\n",
       "      <td>2.0</td>\n",
       "      <td>2.0</td>\n",
       "      <td>2.0</td>\n",
       "      <td>2.0</td>\n",
       "      <td>2.4</td>\n",
       "      <td>NGORONGORO</td>\n",
       "      <td>ARUSHA</td>\n",
       "    </tr>\n",
       "    <tr>\n",
       "      <th>2</th>\n",
       "      <td>PS0107001-003</td>\n",
       "      <td>0</td>\n",
       "      <td>4.0</td>\n",
       "      <td>2.0</td>\n",
       "      <td>2.0</td>\n",
       "      <td>2.0</td>\n",
       "      <td>2.0</td>\n",
       "      <td>2.0</td>\n",
       "      <td>2.4</td>\n",
       "      <td>NGORONGORO</td>\n",
       "      <td>ARUSHA</td>\n",
       "    </tr>\n",
       "    <tr>\n",
       "      <th>3</th>\n",
       "      <td>PS0107001-004</td>\n",
       "      <td>0</td>\n",
       "      <td>3.0</td>\n",
       "      <td>2.0</td>\n",
       "      <td>2.0</td>\n",
       "      <td>3.0</td>\n",
       "      <td>4.0</td>\n",
       "      <td>3.0</td>\n",
       "      <td>2.8</td>\n",
       "      <td>NGORONGORO</td>\n",
       "      <td>ARUSHA</td>\n",
       "    </tr>\n",
       "    <tr>\n",
       "      <th>4</th>\n",
       "      <td>PS0107001-005</td>\n",
       "      <td>0</td>\n",
       "      <td>3.0</td>\n",
       "      <td>2.0</td>\n",
       "      <td>3.0</td>\n",
       "      <td>2.0</td>\n",
       "      <td>3.0</td>\n",
       "      <td>3.0</td>\n",
       "      <td>2.6</td>\n",
       "      <td>NGORONGORO</td>\n",
       "      <td>ARUSHA</td>\n",
       "    </tr>\n",
       "  </tbody>\n",
       "</table>\n",
       "</div>"
      ],
      "text/plain": [
       "         CAND_NO  SEX  Kiswahili  English  Maarifa  Hisabati  Science  \\\n",
       "0  PS0107001-001    0        4.0      1.0      2.0       1.0      3.0   \n",
       "1  PS0107001-002    0        4.0      2.0      2.0       2.0      2.0   \n",
       "2  PS0107001-003    0        4.0      2.0      2.0       2.0      2.0   \n",
       "3  PS0107001-004    0        3.0      2.0      2.0       3.0      4.0   \n",
       "4  PS0107001-005    0        3.0      2.0      3.0       2.0      3.0   \n",
       "\n",
       "   Average_Grade  CalcAverage    District  Region  \n",
       "0            2.0          2.2  NGORONGORO  ARUSHA  \n",
       "1            2.0          2.4  NGORONGORO  ARUSHA  \n",
       "2            2.0          2.4  NGORONGORO  ARUSHA  \n",
       "3            3.0          2.8  NGORONGORO  ARUSHA  \n",
       "4            3.0          2.6  NGORONGORO  ARUSHA  "
      ]
     },
     "execution_count": 3,
     "metadata": {},
     "output_type": "execute_result"
    }
   ],
   "source": [
    "psle2017 = pd.read_csv(\"~/Documents/GitHub/ImportingNECTA/CompleteDatasets/necta_psle_2017.csv\")\n",
    "psle2017.head()"
   ]
  },
  {
   "cell_type": "markdown",
   "metadata": {},
   "source": [
    "#Does your region determine your success in this exam?\n",
    "\n",
    "First, I look at the distribution of the scores by region."
   ]
  },
  {
   "cell_type": "code",
   "execution_count": 4,
   "metadata": {},
   "outputs": [
    {
     "data": {
      "text/html": [
       "<div>\n",
       "<style>\n",
       "    .dataframe thead tr:only-child th {\n",
       "        text-align: right;\n",
       "    }\n",
       "\n",
       "    .dataframe thead th {\n",
       "        text-align: left;\n",
       "    }\n",
       "\n",
       "    .dataframe tbody tr th {\n",
       "        vertical-align: top;\n",
       "    }\n",
       "</style>\n",
       "<table border=\"1\" class=\"dataframe\">\n",
       "  <thead>\n",
       "    <tr style=\"text-align: right;\">\n",
       "      <th></th>\n",
       "      <th>count</th>\n",
       "      <th>mean</th>\n",
       "      <th>std</th>\n",
       "      <th>min</th>\n",
       "      <th>25%</th>\n",
       "      <th>50%</th>\n",
       "      <th>75%</th>\n",
       "      <th>max</th>\n",
       "    </tr>\n",
       "    <tr>\n",
       "      <th>Region</th>\n",
       "      <th></th>\n",
       "      <th></th>\n",
       "      <th></th>\n",
       "      <th></th>\n",
       "      <th></th>\n",
       "      <th></th>\n",
       "      <th></th>\n",
       "      <th></th>\n",
       "    </tr>\n",
       "  </thead>\n",
       "  <tbody>\n",
       "    <tr>\n",
       "      <th>ARUSHA</th>\n",
       "      <td>38296.0</td>\n",
       "      <td>3.019992</td>\n",
       "      <td>0.786739</td>\n",
       "      <td>1.0</td>\n",
       "      <td>2.4</td>\n",
       "      <td>3.0</td>\n",
       "      <td>3.6</td>\n",
       "      <td>5.0</td>\n",
       "    </tr>\n",
       "    <tr>\n",
       "      <th>DAR ES SALAAM</th>\n",
       "      <td>66691.0</td>\n",
       "      <td>3.322841</td>\n",
       "      <td>0.759160</td>\n",
       "      <td>1.0</td>\n",
       "      <td>2.8</td>\n",
       "      <td>3.2</td>\n",
       "      <td>3.8</td>\n",
       "      <td>5.0</td>\n",
       "    </tr>\n",
       "    <tr>\n",
       "      <th>DODOMA</th>\n",
       "      <td>42159.0</td>\n",
       "      <td>2.716037</td>\n",
       "      <td>0.740356</td>\n",
       "      <td>1.0</td>\n",
       "      <td>2.2</td>\n",
       "      <td>2.8</td>\n",
       "      <td>3.2</td>\n",
       "      <td>5.0</td>\n",
       "    </tr>\n",
       "    <tr>\n",
       "      <th>GEITA</th>\n",
       "      <td>36977.0</td>\n",
       "      <td>3.377851</td>\n",
       "      <td>0.821793</td>\n",
       "      <td>1.0</td>\n",
       "      <td>2.8</td>\n",
       "      <td>3.4</td>\n",
       "      <td>4.0</td>\n",
       "      <td>5.0</td>\n",
       "    </tr>\n",
       "    <tr>\n",
       "      <th>IRINGA</th>\n",
       "      <td>24783.0</td>\n",
       "      <td>2.995561</td>\n",
       "      <td>0.629044</td>\n",
       "      <td>1.0</td>\n",
       "      <td>2.6</td>\n",
       "      <td>3.0</td>\n",
       "      <td>3.4</td>\n",
       "      <td>5.0</td>\n",
       "    </tr>\n",
       "    <tr>\n",
       "      <th>KAGERA</th>\n",
       "      <td>41982.0</td>\n",
       "      <td>3.146177</td>\n",
       "      <td>0.760056</td>\n",
       "      <td>1.0</td>\n",
       "      <td>2.8</td>\n",
       "      <td>3.2</td>\n",
       "      <td>3.6</td>\n",
       "      <td>5.0</td>\n",
       "    </tr>\n",
       "    <tr>\n",
       "      <th>KATAVI</th>\n",
       "      <td>9384.0</td>\n",
       "      <td>2.955350</td>\n",
       "      <td>0.725643</td>\n",
       "      <td>1.0</td>\n",
       "      <td>2.4</td>\n",
       "      <td>3.0</td>\n",
       "      <td>3.4</td>\n",
       "      <td>4.8</td>\n",
       "    </tr>\n",
       "    <tr>\n",
       "      <th>KIGOMA</th>\n",
       "      <td>36319.0</td>\n",
       "      <td>2.780390</td>\n",
       "      <td>0.724709</td>\n",
       "      <td>1.0</td>\n",
       "      <td>2.2</td>\n",
       "      <td>2.8</td>\n",
       "      <td>3.2</td>\n",
       "      <td>5.0</td>\n",
       "    </tr>\n",
       "    <tr>\n",
       "      <th>KILIMANJARO</th>\n",
       "      <td>36578.0</td>\n",
       "      <td>3.044529</td>\n",
       "      <td>0.696682</td>\n",
       "      <td>1.0</td>\n",
       "      <td>2.6</td>\n",
       "      <td>3.0</td>\n",
       "      <td>3.6</td>\n",
       "      <td>5.0</td>\n",
       "    </tr>\n",
       "    <tr>\n",
       "      <th>LINDI</th>\n",
       "      <td>17410.0</td>\n",
       "      <td>2.834451</td>\n",
       "      <td>0.838379</td>\n",
       "      <td>1.0</td>\n",
       "      <td>2.2</td>\n",
       "      <td>2.8</td>\n",
       "      <td>3.4</td>\n",
       "      <td>5.0</td>\n",
       "    </tr>\n",
       "    <tr>\n",
       "      <th>MANYARA</th>\n",
       "      <td>28783.0</td>\n",
       "      <td>2.690025</td>\n",
       "      <td>0.776242</td>\n",
       "      <td>1.0</td>\n",
       "      <td>2.2</td>\n",
       "      <td>2.8</td>\n",
       "      <td>3.2</td>\n",
       "      <td>5.0</td>\n",
       "    </tr>\n",
       "    <tr>\n",
       "      <th>MARA</th>\n",
       "      <td>51680.0</td>\n",
       "      <td>2.855944</td>\n",
       "      <td>0.797771</td>\n",
       "      <td>1.0</td>\n",
       "      <td>2.2</td>\n",
       "      <td>2.8</td>\n",
       "      <td>3.4</td>\n",
       "      <td>5.0</td>\n",
       "    </tr>\n",
       "    <tr>\n",
       "      <th>MBEYA</th>\n",
       "      <td>45729.0</td>\n",
       "      <td>2.758818</td>\n",
       "      <td>0.691101</td>\n",
       "      <td>1.0</td>\n",
       "      <td>2.2</td>\n",
       "      <td>2.8</td>\n",
       "      <td>3.2</td>\n",
       "      <td>5.0</td>\n",
       "    </tr>\n",
       "    <tr>\n",
       "      <th>MOROGORO</th>\n",
       "      <td>45553.0</td>\n",
       "      <td>2.867750</td>\n",
       "      <td>0.795435</td>\n",
       "      <td>1.0</td>\n",
       "      <td>2.4</td>\n",
       "      <td>2.8</td>\n",
       "      <td>3.4</td>\n",
       "      <td>5.0</td>\n",
       "    </tr>\n",
       "    <tr>\n",
       "      <th>MTWARA</th>\n",
       "      <td>27540.0</td>\n",
       "      <td>2.718773</td>\n",
       "      <td>0.762194</td>\n",
       "      <td>1.0</td>\n",
       "      <td>2.2</td>\n",
       "      <td>2.8</td>\n",
       "      <td>3.2</td>\n",
       "      <td>5.0</td>\n",
       "    </tr>\n",
       "    <tr>\n",
       "      <th>MWANZA</th>\n",
       "      <td>70354.0</td>\n",
       "      <td>3.036541</td>\n",
       "      <td>0.788146</td>\n",
       "      <td>1.0</td>\n",
       "      <td>2.4</td>\n",
       "      <td>3.0</td>\n",
       "      <td>3.6</td>\n",
       "      <td>5.0</td>\n",
       "    </tr>\n",
       "    <tr>\n",
       "      <th>NJOMBE</th>\n",
       "      <td>19142.0</td>\n",
       "      <td>3.029171</td>\n",
       "      <td>0.728299</td>\n",
       "      <td>1.0</td>\n",
       "      <td>2.6</td>\n",
       "      <td>3.0</td>\n",
       "      <td>3.6</td>\n",
       "      <td>5.0</td>\n",
       "    </tr>\n",
       "    <tr>\n",
       "      <th>PWANI</th>\n",
       "      <td>27261.0</td>\n",
       "      <td>2.764572</td>\n",
       "      <td>0.745819</td>\n",
       "      <td>1.0</td>\n",
       "      <td>2.2</td>\n",
       "      <td>2.8</td>\n",
       "      <td>3.2</td>\n",
       "      <td>5.0</td>\n",
       "    </tr>\n",
       "    <tr>\n",
       "      <th>RUKWA</th>\n",
       "      <td>18903.0</td>\n",
       "      <td>2.763053</td>\n",
       "      <td>0.718248</td>\n",
       "      <td>1.0</td>\n",
       "      <td>2.2</td>\n",
       "      <td>2.8</td>\n",
       "      <td>3.2</td>\n",
       "      <td>5.0</td>\n",
       "    </tr>\n",
       "    <tr>\n",
       "      <th>RUVUMA</th>\n",
       "      <td>31647.0</td>\n",
       "      <td>2.757848</td>\n",
       "      <td>0.874994</td>\n",
       "      <td>1.0</td>\n",
       "      <td>2.0</td>\n",
       "      <td>2.8</td>\n",
       "      <td>3.4</td>\n",
       "      <td>5.0</td>\n",
       "    </tr>\n",
       "    <tr>\n",
       "      <th>SHINYANGA</th>\n",
       "      <td>30905.0</td>\n",
       "      <td>2.778845</td>\n",
       "      <td>0.826057</td>\n",
       "      <td>1.0</td>\n",
       "      <td>2.2</td>\n",
       "      <td>2.8</td>\n",
       "      <td>3.2</td>\n",
       "      <td>5.0</td>\n",
       "    </tr>\n",
       "    <tr>\n",
       "      <th>SIMIYU</th>\n",
       "      <td>30732.0</td>\n",
       "      <td>2.835871</td>\n",
       "      <td>0.807883</td>\n",
       "      <td>1.0</td>\n",
       "      <td>2.2</td>\n",
       "      <td>2.8</td>\n",
       "      <td>3.4</td>\n",
       "      <td>5.0</td>\n",
       "    </tr>\n",
       "    <tr>\n",
       "      <th>SINGIDA</th>\n",
       "      <td>28823.0</td>\n",
       "      <td>2.668022</td>\n",
       "      <td>0.743344</td>\n",
       "      <td>1.0</td>\n",
       "      <td>2.2</td>\n",
       "      <td>2.6</td>\n",
       "      <td>3.2</td>\n",
       "      <td>5.0</td>\n",
       "    </tr>\n",
       "    <tr>\n",
       "      <th>SONGWE</th>\n",
       "      <td>22936.0</td>\n",
       "      <td>2.709191</td>\n",
       "      <td>0.740428</td>\n",
       "      <td>1.0</td>\n",
       "      <td>2.2</td>\n",
       "      <td>2.8</td>\n",
       "      <td>3.2</td>\n",
       "      <td>5.0</td>\n",
       "    </tr>\n",
       "    <tr>\n",
       "      <th>TABORA</th>\n",
       "      <td>33678.0</td>\n",
       "      <td>2.930750</td>\n",
       "      <td>0.803318</td>\n",
       "      <td>1.0</td>\n",
       "      <td>2.4</td>\n",
       "      <td>3.0</td>\n",
       "      <td>3.4</td>\n",
       "      <td>5.0</td>\n",
       "    </tr>\n",
       "    <tr>\n",
       "      <th>TANGA</th>\n",
       "      <td>45512.0</td>\n",
       "      <td>2.820777</td>\n",
       "      <td>0.813922</td>\n",
       "      <td>1.0</td>\n",
       "      <td>2.2</td>\n",
       "      <td>2.8</td>\n",
       "      <td>3.4</td>\n",
       "      <td>5.0</td>\n",
       "    </tr>\n",
       "  </tbody>\n",
       "</table>\n",
       "</div>"
      ],
      "text/plain": [
       "                 count      mean       std  min  25%  50%  75%  max\n",
       "Region                                                             \n",
       "ARUSHA         38296.0  3.019992  0.786739  1.0  2.4  3.0  3.6  5.0\n",
       "DAR ES SALAAM  66691.0  3.322841  0.759160  1.0  2.8  3.2  3.8  5.0\n",
       "DODOMA         42159.0  2.716037  0.740356  1.0  2.2  2.8  3.2  5.0\n",
       "GEITA          36977.0  3.377851  0.821793  1.0  2.8  3.4  4.0  5.0\n",
       "IRINGA         24783.0  2.995561  0.629044  1.0  2.6  3.0  3.4  5.0\n",
       "KAGERA         41982.0  3.146177  0.760056  1.0  2.8  3.2  3.6  5.0\n",
       "KATAVI          9384.0  2.955350  0.725643  1.0  2.4  3.0  3.4  4.8\n",
       "KIGOMA         36319.0  2.780390  0.724709  1.0  2.2  2.8  3.2  5.0\n",
       "KILIMANJARO    36578.0  3.044529  0.696682  1.0  2.6  3.0  3.6  5.0\n",
       "LINDI          17410.0  2.834451  0.838379  1.0  2.2  2.8  3.4  5.0\n",
       "MANYARA        28783.0  2.690025  0.776242  1.0  2.2  2.8  3.2  5.0\n",
       "MARA           51680.0  2.855944  0.797771  1.0  2.2  2.8  3.4  5.0\n",
       "MBEYA          45729.0  2.758818  0.691101  1.0  2.2  2.8  3.2  5.0\n",
       "MOROGORO       45553.0  2.867750  0.795435  1.0  2.4  2.8  3.4  5.0\n",
       "MTWARA         27540.0  2.718773  0.762194  1.0  2.2  2.8  3.2  5.0\n",
       "MWANZA         70354.0  3.036541  0.788146  1.0  2.4  3.0  3.6  5.0\n",
       "NJOMBE         19142.0  3.029171  0.728299  1.0  2.6  3.0  3.6  5.0\n",
       "PWANI          27261.0  2.764572  0.745819  1.0  2.2  2.8  3.2  5.0\n",
       "RUKWA          18903.0  2.763053  0.718248  1.0  2.2  2.8  3.2  5.0\n",
       "RUVUMA         31647.0  2.757848  0.874994  1.0  2.0  2.8  3.4  5.0\n",
       "SHINYANGA      30905.0  2.778845  0.826057  1.0  2.2  2.8  3.2  5.0\n",
       "SIMIYU         30732.0  2.835871  0.807883  1.0  2.2  2.8  3.4  5.0\n",
       "SINGIDA        28823.0  2.668022  0.743344  1.0  2.2  2.6  3.2  5.0\n",
       "SONGWE         22936.0  2.709191  0.740428  1.0  2.2  2.8  3.2  5.0\n",
       "TABORA         33678.0  2.930750  0.803318  1.0  2.4  3.0  3.4  5.0\n",
       "TANGA          45512.0  2.820777  0.813922  1.0  2.2  2.8  3.4  5.0"
      ]
     },
     "execution_count": 4,
     "metadata": {},
     "output_type": "execute_result"
    }
   ],
   "source": [
    "psle2017.groupby('Region')['CalcAverage'].describe()"
   ]
  },
  {
   "cell_type": "code",
   "execution_count": 15,
   "metadata": {},
   "outputs": [
    {
     "data": {
      "text/html": [
       "<div>\n",
       "<style>\n",
       "    .dataframe thead tr:only-child th {\n",
       "        text-align: right;\n",
       "    }\n",
       "\n",
       "    .dataframe thead th {\n",
       "        text-align: left;\n",
       "    }\n",
       "\n",
       "    .dataframe tbody tr th {\n",
       "        vertical-align: top;\n",
       "    }\n",
       "</style>\n",
       "<table border=\"1\" class=\"dataframe\">\n",
       "  <thead>\n",
       "    <tr style=\"text-align: right;\">\n",
       "      <th></th>\n",
       "      <th>count</th>\n",
       "      <th>mean</th>\n",
       "      <th>std</th>\n",
       "      <th>min</th>\n",
       "      <th>25%</th>\n",
       "      <th>50%</th>\n",
       "      <th>75%</th>\n",
       "      <th>max</th>\n",
       "    </tr>\n",
       "    <tr>\n",
       "      <th>Region</th>\n",
       "      <th></th>\n",
       "      <th></th>\n",
       "      <th></th>\n",
       "      <th></th>\n",
       "      <th></th>\n",
       "      <th></th>\n",
       "      <th></th>\n",
       "      <th></th>\n",
       "    </tr>\n",
       "  </thead>\n",
       "  <tbody>\n",
       "    <tr>\n",
       "      <th>GEITA</th>\n",
       "      <td>36977.0</td>\n",
       "      <td>3.377851</td>\n",
       "      <td>0.821793</td>\n",
       "      <td>1.0</td>\n",
       "      <td>2.8</td>\n",
       "      <td>3.4</td>\n",
       "      <td>4.0</td>\n",
       "      <td>5.0</td>\n",
       "    </tr>\n",
       "    <tr>\n",
       "      <th>DAR ES SALAAM</th>\n",
       "      <td>66691.0</td>\n",
       "      <td>3.322841</td>\n",
       "      <td>0.759160</td>\n",
       "      <td>1.0</td>\n",
       "      <td>2.8</td>\n",
       "      <td>3.2</td>\n",
       "      <td>3.8</td>\n",
       "      <td>5.0</td>\n",
       "    </tr>\n",
       "    <tr>\n",
       "      <th>KAGERA</th>\n",
       "      <td>41982.0</td>\n",
       "      <td>3.146177</td>\n",
       "      <td>0.760056</td>\n",
       "      <td>1.0</td>\n",
       "      <td>2.8</td>\n",
       "      <td>3.2</td>\n",
       "      <td>3.6</td>\n",
       "      <td>5.0</td>\n",
       "    </tr>\n",
       "    <tr>\n",
       "      <th>KILIMANJARO</th>\n",
       "      <td>36578.0</td>\n",
       "      <td>3.044529</td>\n",
       "      <td>0.696682</td>\n",
       "      <td>1.0</td>\n",
       "      <td>2.6</td>\n",
       "      <td>3.0</td>\n",
       "      <td>3.6</td>\n",
       "      <td>5.0</td>\n",
       "    </tr>\n",
       "    <tr>\n",
       "      <th>MWANZA</th>\n",
       "      <td>70354.0</td>\n",
       "      <td>3.036541</td>\n",
       "      <td>0.788146</td>\n",
       "      <td>1.0</td>\n",
       "      <td>2.4</td>\n",
       "      <td>3.0</td>\n",
       "      <td>3.6</td>\n",
       "      <td>5.0</td>\n",
       "    </tr>\n",
       "    <tr>\n",
       "      <th>NJOMBE</th>\n",
       "      <td>19142.0</td>\n",
       "      <td>3.029171</td>\n",
       "      <td>0.728299</td>\n",
       "      <td>1.0</td>\n",
       "      <td>2.6</td>\n",
       "      <td>3.0</td>\n",
       "      <td>3.6</td>\n",
       "      <td>5.0</td>\n",
       "    </tr>\n",
       "    <tr>\n",
       "      <th>ARUSHA</th>\n",
       "      <td>38296.0</td>\n",
       "      <td>3.019992</td>\n",
       "      <td>0.786739</td>\n",
       "      <td>1.0</td>\n",
       "      <td>2.4</td>\n",
       "      <td>3.0</td>\n",
       "      <td>3.6</td>\n",
       "      <td>5.0</td>\n",
       "    </tr>\n",
       "    <tr>\n",
       "      <th>IRINGA</th>\n",
       "      <td>24783.0</td>\n",
       "      <td>2.995561</td>\n",
       "      <td>0.629044</td>\n",
       "      <td>1.0</td>\n",
       "      <td>2.6</td>\n",
       "      <td>3.0</td>\n",
       "      <td>3.4</td>\n",
       "      <td>5.0</td>\n",
       "    </tr>\n",
       "    <tr>\n",
       "      <th>KATAVI</th>\n",
       "      <td>9384.0</td>\n",
       "      <td>2.955350</td>\n",
       "      <td>0.725643</td>\n",
       "      <td>1.0</td>\n",
       "      <td>2.4</td>\n",
       "      <td>3.0</td>\n",
       "      <td>3.4</td>\n",
       "      <td>4.8</td>\n",
       "    </tr>\n",
       "    <tr>\n",
       "      <th>TABORA</th>\n",
       "      <td>33678.0</td>\n",
       "      <td>2.930750</td>\n",
       "      <td>0.803318</td>\n",
       "      <td>1.0</td>\n",
       "      <td>2.4</td>\n",
       "      <td>3.0</td>\n",
       "      <td>3.4</td>\n",
       "      <td>5.0</td>\n",
       "    </tr>\n",
       "    <tr>\n",
       "      <th>MOROGORO</th>\n",
       "      <td>45553.0</td>\n",
       "      <td>2.867750</td>\n",
       "      <td>0.795435</td>\n",
       "      <td>1.0</td>\n",
       "      <td>2.4</td>\n",
       "      <td>2.8</td>\n",
       "      <td>3.4</td>\n",
       "      <td>5.0</td>\n",
       "    </tr>\n",
       "    <tr>\n",
       "      <th>MARA</th>\n",
       "      <td>51680.0</td>\n",
       "      <td>2.855944</td>\n",
       "      <td>0.797771</td>\n",
       "      <td>1.0</td>\n",
       "      <td>2.2</td>\n",
       "      <td>2.8</td>\n",
       "      <td>3.4</td>\n",
       "      <td>5.0</td>\n",
       "    </tr>\n",
       "    <tr>\n",
       "      <th>SIMIYU</th>\n",
       "      <td>30732.0</td>\n",
       "      <td>2.835871</td>\n",
       "      <td>0.807883</td>\n",
       "      <td>1.0</td>\n",
       "      <td>2.2</td>\n",
       "      <td>2.8</td>\n",
       "      <td>3.4</td>\n",
       "      <td>5.0</td>\n",
       "    </tr>\n",
       "    <tr>\n",
       "      <th>LINDI</th>\n",
       "      <td>17410.0</td>\n",
       "      <td>2.834451</td>\n",
       "      <td>0.838379</td>\n",
       "      <td>1.0</td>\n",
       "      <td>2.2</td>\n",
       "      <td>2.8</td>\n",
       "      <td>3.4</td>\n",
       "      <td>5.0</td>\n",
       "    </tr>\n",
       "    <tr>\n",
       "      <th>TANGA</th>\n",
       "      <td>45512.0</td>\n",
       "      <td>2.820777</td>\n",
       "      <td>0.813922</td>\n",
       "      <td>1.0</td>\n",
       "      <td>2.2</td>\n",
       "      <td>2.8</td>\n",
       "      <td>3.4</td>\n",
       "      <td>5.0</td>\n",
       "    </tr>\n",
       "    <tr>\n",
       "      <th>KIGOMA</th>\n",
       "      <td>36319.0</td>\n",
       "      <td>2.780390</td>\n",
       "      <td>0.724709</td>\n",
       "      <td>1.0</td>\n",
       "      <td>2.2</td>\n",
       "      <td>2.8</td>\n",
       "      <td>3.2</td>\n",
       "      <td>5.0</td>\n",
       "    </tr>\n",
       "    <tr>\n",
       "      <th>SHINYANGA</th>\n",
       "      <td>30905.0</td>\n",
       "      <td>2.778845</td>\n",
       "      <td>0.826057</td>\n",
       "      <td>1.0</td>\n",
       "      <td>2.2</td>\n",
       "      <td>2.8</td>\n",
       "      <td>3.2</td>\n",
       "      <td>5.0</td>\n",
       "    </tr>\n",
       "    <tr>\n",
       "      <th>PWANI</th>\n",
       "      <td>27261.0</td>\n",
       "      <td>2.764572</td>\n",
       "      <td>0.745819</td>\n",
       "      <td>1.0</td>\n",
       "      <td>2.2</td>\n",
       "      <td>2.8</td>\n",
       "      <td>3.2</td>\n",
       "      <td>5.0</td>\n",
       "    </tr>\n",
       "    <tr>\n",
       "      <th>RUKWA</th>\n",
       "      <td>18903.0</td>\n",
       "      <td>2.763053</td>\n",
       "      <td>0.718248</td>\n",
       "      <td>1.0</td>\n",
       "      <td>2.2</td>\n",
       "      <td>2.8</td>\n",
       "      <td>3.2</td>\n",
       "      <td>5.0</td>\n",
       "    </tr>\n",
       "    <tr>\n",
       "      <th>MBEYA</th>\n",
       "      <td>45729.0</td>\n",
       "      <td>2.758818</td>\n",
       "      <td>0.691101</td>\n",
       "      <td>1.0</td>\n",
       "      <td>2.2</td>\n",
       "      <td>2.8</td>\n",
       "      <td>3.2</td>\n",
       "      <td>5.0</td>\n",
       "    </tr>\n",
       "    <tr>\n",
       "      <th>RUVUMA</th>\n",
       "      <td>31647.0</td>\n",
       "      <td>2.757848</td>\n",
       "      <td>0.874994</td>\n",
       "      <td>1.0</td>\n",
       "      <td>2.0</td>\n",
       "      <td>2.8</td>\n",
       "      <td>3.4</td>\n",
       "      <td>5.0</td>\n",
       "    </tr>\n",
       "    <tr>\n",
       "      <th>MTWARA</th>\n",
       "      <td>27540.0</td>\n",
       "      <td>2.718773</td>\n",
       "      <td>0.762194</td>\n",
       "      <td>1.0</td>\n",
       "      <td>2.2</td>\n",
       "      <td>2.8</td>\n",
       "      <td>3.2</td>\n",
       "      <td>5.0</td>\n",
       "    </tr>\n",
       "    <tr>\n",
       "      <th>DODOMA</th>\n",
       "      <td>42159.0</td>\n",
       "      <td>2.716037</td>\n",
       "      <td>0.740356</td>\n",
       "      <td>1.0</td>\n",
       "      <td>2.2</td>\n",
       "      <td>2.8</td>\n",
       "      <td>3.2</td>\n",
       "      <td>5.0</td>\n",
       "    </tr>\n",
       "    <tr>\n",
       "      <th>SONGWE</th>\n",
       "      <td>22936.0</td>\n",
       "      <td>2.709191</td>\n",
       "      <td>0.740428</td>\n",
       "      <td>1.0</td>\n",
       "      <td>2.2</td>\n",
       "      <td>2.8</td>\n",
       "      <td>3.2</td>\n",
       "      <td>5.0</td>\n",
       "    </tr>\n",
       "    <tr>\n",
       "      <th>MANYARA</th>\n",
       "      <td>28783.0</td>\n",
       "      <td>2.690025</td>\n",
       "      <td>0.776242</td>\n",
       "      <td>1.0</td>\n",
       "      <td>2.2</td>\n",
       "      <td>2.8</td>\n",
       "      <td>3.2</td>\n",
       "      <td>5.0</td>\n",
       "    </tr>\n",
       "    <tr>\n",
       "      <th>SINGIDA</th>\n",
       "      <td>28823.0</td>\n",
       "      <td>2.668022</td>\n",
       "      <td>0.743344</td>\n",
       "      <td>1.0</td>\n",
       "      <td>2.2</td>\n",
       "      <td>2.6</td>\n",
       "      <td>3.2</td>\n",
       "      <td>5.0</td>\n",
       "    </tr>\n",
       "  </tbody>\n",
       "</table>\n",
       "</div>"
      ],
      "text/plain": [
       "                 count      mean       std  min  25%  50%  75%  max\n",
       "Region                                                             \n",
       "GEITA          36977.0  3.377851  0.821793  1.0  2.8  3.4  4.0  5.0\n",
       "DAR ES SALAAM  66691.0  3.322841  0.759160  1.0  2.8  3.2  3.8  5.0\n",
       "KAGERA         41982.0  3.146177  0.760056  1.0  2.8  3.2  3.6  5.0\n",
       "KILIMANJARO    36578.0  3.044529  0.696682  1.0  2.6  3.0  3.6  5.0\n",
       "MWANZA         70354.0  3.036541  0.788146  1.0  2.4  3.0  3.6  5.0\n",
       "NJOMBE         19142.0  3.029171  0.728299  1.0  2.6  3.0  3.6  5.0\n",
       "ARUSHA         38296.0  3.019992  0.786739  1.0  2.4  3.0  3.6  5.0\n",
       "IRINGA         24783.0  2.995561  0.629044  1.0  2.6  3.0  3.4  5.0\n",
       "KATAVI          9384.0  2.955350  0.725643  1.0  2.4  3.0  3.4  4.8\n",
       "TABORA         33678.0  2.930750  0.803318  1.0  2.4  3.0  3.4  5.0\n",
       "MOROGORO       45553.0  2.867750  0.795435  1.0  2.4  2.8  3.4  5.0\n",
       "MARA           51680.0  2.855944  0.797771  1.0  2.2  2.8  3.4  5.0\n",
       "SIMIYU         30732.0  2.835871  0.807883  1.0  2.2  2.8  3.4  5.0\n",
       "LINDI          17410.0  2.834451  0.838379  1.0  2.2  2.8  3.4  5.0\n",
       "TANGA          45512.0  2.820777  0.813922  1.0  2.2  2.8  3.4  5.0\n",
       "KIGOMA         36319.0  2.780390  0.724709  1.0  2.2  2.8  3.2  5.0\n",
       "SHINYANGA      30905.0  2.778845  0.826057  1.0  2.2  2.8  3.2  5.0\n",
       "PWANI          27261.0  2.764572  0.745819  1.0  2.2  2.8  3.2  5.0\n",
       "RUKWA          18903.0  2.763053  0.718248  1.0  2.2  2.8  3.2  5.0\n",
       "MBEYA          45729.0  2.758818  0.691101  1.0  2.2  2.8  3.2  5.0\n",
       "RUVUMA         31647.0  2.757848  0.874994  1.0  2.0  2.8  3.4  5.0\n",
       "MTWARA         27540.0  2.718773  0.762194  1.0  2.2  2.8  3.2  5.0\n",
       "DODOMA         42159.0  2.716037  0.740356  1.0  2.2  2.8  3.2  5.0\n",
       "SONGWE         22936.0  2.709191  0.740428  1.0  2.2  2.8  3.2  5.0\n",
       "MANYARA        28783.0  2.690025  0.776242  1.0  2.2  2.8  3.2  5.0\n",
       "SINGIDA        28823.0  2.668022  0.743344  1.0  2.2  2.6  3.2  5.0"
      ]
     },
     "execution_count": 15,
     "metadata": {},
     "output_type": "execute_result"
    }
   ],
   "source": [
    "psle2017.groupby('Region')['CalcAverage'].describe().sort_values(by='mean', ascending=False)"
   ]
  },
  {
   "cell_type": "markdown",
   "metadata": {},
   "source": [
    "Although helpful, the number of regions makes the statistical output hard to digest. We try a Boxplot below for more visual clarity on how regions compare.\n",
    "\n",
    "Overall, if you compare 2017 to 2013 (I don't show that here, but feel free to run this analysis with 2013's dataset from my GitHub account as I did!), average and median scores have increased across all regions. I would be curious to test if the improvements in the 4-year span are authentic or engineered. Tanzania caused quite a stir in 2015 when a significant number of their students failed the exam. Parents were in an uproar and this may have caused the government to subsequently either change the difficulty of the exam, change how it grades the questions, or ultimately change what constitutes passing scores. This is taking a more skeptical/cynical lens in evaluating the scores, but given Tanzania's past volatile passing rates, the skepticism may be warranted. Nonetheless, our hope is that the results are genuine and a good benchmark for students' continuing education in secondary school."
   ]
  },
  {
   "cell_type": "code",
   "execution_count": 19,
   "metadata": {
    "scrolled": false
   },
   "outputs": [
    {
     "data": {
